0	0	0	0
0	0	0.005	0.005
1e-05	1e-12	0.005	0.005
2e-05	4e-12	0.005	0.005
3e-05	9e-12	0.005	0.005
4e-05	1.6e-11	0.005	0.005
5e-05	2.5e-11	0.005	0.005
6e-05	3.6e-11	0.005	0.005
7e-05	4.9e-11	0.005	0.005
8e-05	6.4e-11	0.005	0.005
9e-05	8.1e-11	0.005	0.005
0.0001	1e-10	0.005	0.005
0.00011	1.21e-10	0.005	0.005
0.00012	1.44e-10	0.005	0.005
0.00013	1.69e-10	0.005	0.005
0.00014	1.96e-10	0.005	0.005
0.00015	2.25e-10	0.005	0.005
0.00016	2.56e-10	0.005	0.005
0.00017	2.89e-10	0.005	0.005
0.00018	3.24e-10	0.005	0.005
0.00019	3.61e-10	0.005	0.005
0.0002	4e-10	0.005	0.005
0.00021	4.41e-10	0.005	0.005
0.00022	4.84e-10	0.005	0.005
0.00023	5.29e-10	0.005	0.005
0.00024	5.76e-10	0.005	0.005
0.00025	6.25e-10	0.005	0.005
0.00026	6.76e-10	0.005	0.005
0.00027	7.29e-10	0.005	0.005
0.00028	7.84e-10	0.005	0.005
0.00029	8.41e-10	0.005	0.005
0.0003	9.00001e-10	0.005	0.005
0.00031	9.61e-10	0.005	0.005
0.00032	1.024e-09	0.005	0.005
0.00033	1.089e-09	0.005	0.005
0.00034	1.156e-09	0.005	0.005
0.00035	1.225e-09	0.005	0.005
0.00036	1.296e-09	0.005	0.005
0.00037	1.369e-09	0.005	0.005
0.00038	1.444e-09	0.005	0.005
0.00039	1.521e-09	0.005	0.005
0.0004	1.6e-09	0.005	0.005
0.00041	1.681e-09	0.005	0.005
0.00042	1.764e-09	0.005	0.005
0.00043	1.849e-09	0.005	0.005
0.00044	1.936e-09	0.005	0.005
0.00045	2.025e-09	0.005	0.005
0.00046	2.116e-09	0.005	0.005
0.00047	2.209e-09	0.005	0.005
0.00048	2.304e-09	0.005	0.005
0.00049	2.401e-09	0.005	0.005
0.0005	2.5e-09	0.005	0.005
0.00051	2.601e-09	0.005	0.005
0.00052	2.704e-09	0.005	0.005
0.00053	2.809e-09	0.005	0.005
0.00054	2.916e-09	0.005	0.005
0.00055	3.025e-09	0.005	0.005
0.00056	3.136e-09	0.005	0.00500001
0.00057	3.249e-09	0.005	0.00500001
0.00058	3.364e-09	0.005	0.00500001
0.00059	3.481e-09	0.005	0.00500001
0.0006	3.6e-09	0.005	0.00500001
0.00061	3.721e-09	0.005	0.00500001
0.00062	3.844e-09	0.005	0.00500001
0.00063	3.969e-09	0.005	0.00500001
0.00064	4.096e-09	0.005	0.00500001
0.00065	4.225e-09	0.005	0.00500001
0.00066	4.356e-09	0.005	0.00500001
0.00067	4.489e-09	0.005	0.00500001
0.00068	4.624e-09	0.005	0.00500001
0.00069	4.761e-09	0.005	0.00500001
0.0007	4.9e-09	0.005	0.00500001
0.00071	5.041e-09	0.005	0.00500001
0.00072	5.184e-09	0.005	0.00500001
0.00073	5.329e-09	0.005	0.00500001
0.00074	5.476e-09	0.005	0.00500001
0.00075	5.625e-09	0.005	0.00500001
0.00076	5.776e-09	0.005	0.00500001
0.00077	5.929e-09	0.005	0.00500001
0.00078	6.084e-09	0.005	0.00500001
0.00079	6.241e-09	0.005	0.00500001
0.0008	6.4e-09	0.005	0.00500001
0.00081	6.561e-09	0.005	0.00500001
0.00082	6.724e-09	0.005	0.00500001
0.00083	6.889e-09	0.005	0.00500001
0.00084	7.056e-09	0.005	0.00500001
0.00085	7.225e-09	0.005	0.00500001
0.00086	7.396e-09	0.005	0.00500001
0.00087	7.569e-09	0.005	0.00500001
0.00088	7.744e-09	0.005	0.00500001
0.00089	7.921e-09	0.005	0.00500001
0.0009	8.1e-09	0.005	0.00500001
0.00091	8.281e-09	0.005	0.00500001
0.00092	8.464e-09	0.005	0.00500001
0.00093	8.649e-09	0.005	0.00500001
0.00094	8.836e-09	0.005	0.00500001
0.00095	9.025e-09	0.005	0.00500001
0.00096	9.216e-09	0.005	0.00500001
0.00097	9.40901e-09	0.005	0.00500001
0.00098	9.604e-09	0.005	0.00500001
0.00099	9.80101e-09	0.005	0.00500001
0.001	1e-08	0.005	0.00500001
0.00101	1.0201e-08	0.005	0.00500001
0.00102	1.0404e-08	0.005	0.00500001
0.00103	1.0609e-08	0.005	0.00500001
0.00104	1.0816e-08	0.005	0.00500001
0.00105	1.1025e-08	0.005	0.00500001
0.00106	1.1236e-08	0.005	0.00500001
0.00107	1.1449e-08	0.005	0.00500001
0.00108	1.1664e-08	0.005	0.00500001
0.00109	1.1881e-08	0.005	0.00500001
0.0011	1.21e-08	0.005	0.00500001
0.00111	1.2321e-08	0.005	0.00500001
0.00112	1.2544e-08	0.005	0.00500001
0.00113	1.2769e-08	0.005	0.00500001
0.00114	1.2996e-08	0.005	0.00500001
0.00115	1.3225e-08	0.005	0.00500001
0.00116	1.3456e-08	0.005	0.00500002
0.00117	1.3689e-08	0.005	0.00500002
0.00118	1.3924e-08	0.005	0.00500002
0.00119	1.4161e-08	0.005	0.00500002
0.0012	1.44e-08	0.005	0.00500002
0.00121	1.4641e-08	0.005	0.00500002
0.00122	1.4884e-08	0.005	0.00500002
0.00123	1.5129e-08	0.005	0.00500002
0.00124	1.5376e-08	0.005	0.00500002
0.00125	1.5625e-08	0.005	0.00500002
0.00126	1.5876e-08	0.005	0.00500002
0.00127	1.6129e-08	0.005	0.00500002
0.00128	1.6384e-08	0.005	0.00500002
0.00129	1.6641e-08	0.005	0.00500002
0.0013	1.69e-08	0.005	0.00500002
0.00131	1.7161e-08	0.005	0.00500002
0.00132	1.7424e-08	0.005	0.00500002
0.00133	1.7689e-08	0.005	0.00500002
0.00134	1.7956e-08	0.005	0.00500002
0.00135	1.8225e-08	0.005	0.00500002
0.00136	1.8496e-08	0.005	0.00500002
0.00137	1.8769e-08	0.005	0.00500002
0.00138	1.9044e-08	0.005	0.00500002
0.00139	1.9321e-08	0.005	0.00500002
0.0014	1.96e-08	0.005	0.00500002
0.00141	1.9881e-08	0.005	0.00500002
0.00142	2.0164e-08	0.005	0.00500002
0.00143	2.0449e-08	0.005	0.00500002
0.00144	2.0736e-08	0.005	0.00500002
0.00145	2.1025e-08	0.005	0.00500002
0.00146	2.1316e-08	0.005	0.00500002
0.00147	2.1609e-08	0.005	0.00500002
0.00148	2.1904e-08	0.005	0.00500002
0.00149	2.2201e-08	0.005	0.00500002
0.0015	2.25e-08	0.005	0.00500002
0.00151	2.2801e-08	0.005	0.00500002
0.00152	2.31039e-08	0.005	0.00500003
0.00153	2.34089e-08	0.005	0.00500003
0.00154	2.37159e-08	0.005	0.00500003
0.00155	2.40249e-08	0.005	0.00500003
0.00156	2.43359e-08	0.005	0.00500003
0.00157	2.46489e-08	0.005	0.00500003
0.00158	2.49639e-08	0.005	0.00500003
0.00159	2.52809e-08	0.005	0.00500003
0.0016	2.55999e-08	0.005	0.00500003
0.00161	2.59209e-08	0.005	0.00500003
0.00162	2.62439e-08	0.005	0.00500003
0.00163	2.65689e-08	0.005	0.00500003
0.00164	2.68959e-08	0.005	0.00500003
0.00165	2.72249e-08	0.005	0.00500003
0.00166	2.75559e-08	0.005	0.00500003
0.00167	2.78889e-08	0.005	0.00500003
0.00168	2.82239e-08	0.005	0.00500003
0.00169	2.85609e-08	0.005	0.00500003
0.0017	2.88999e-08	0.005	0.00500003
0.00171	2.92409e-08	0.005	0.00500003
0.00172	2.95839e-08	0.005	0.00500003
0.00173	2.99289e-08	0.005	0.00500003
0.00174	3.02759e-08	0.005	0.00500003
0.00175	3.06249e-08	0.005	0.00500003
0.00176	3.09759e-08	0.005	0.00500003
0.00177	3.13289e-08	0.005	0.00500003
0.00178	3.16839e-08	0.005	0.00500003
0.00179	3.20409e-08	0.005	0.00500003
0.0018	3.23999e-08	0.005	0.00500003
0.00181	3.27609e-08	0.005	0.00500003
0.00182	3.31239e-08	0.005	0.00500003
0.00183	3.34889e-08	0.005	0.00500004
0.00184	3.38559e-08	0.005	0.00500004
0.00185	3.42249e-08	0.005	0.00500004
0.00186	3.45958e-08	0.005	0.00500004
0.00187	3.49688e-08	0.005	0.00500004
0.00188	3.53438e-08	0.005	0.00500004
0.00189	3.57208e-08	0.005	0.00500004
0.0019	3.60998e-08	0.005	0.00500004
0.00191	3.64808e-08	0.005	0.00500004
0.00192	3.68638e-08	0.005	0.00500004
0.00193	3.72488e-08	0.005	0.00500004
0.00194	3.76358e-08	0.005	0.00500004
0.00195	3.80248e-08	0.005	0.00500004
0.00196	3.84158e-08	0.005	0.00500004
0.00197	3.88088e-08	0.005	0.00500004
0.00198	3.92038e-08	0.005	0.00500004
0.00199	3.96008e-08	0.005	0.00500004
0.002	3.99998e-08	0.005	0.00500004
0.00201	4.04008e-08	0.005	0.00500004
0.00202	4.08038e-08	0.005	0.00500004
0.00203	4.12088e-08	0.005	0.00500004
0.00204	4.16158e-08	0.005	0.00500004
0.00205	4.20248e-08	0.005	0.00500004
0.00206	4.24358e-08	0.005	0.00500004
0.00207	4.28488e-08	0.005	0.00500004
0.00208	4.32638e-08	0.005	0.00500005
0.00209	4.36808e-08	0.005	0.00500005
0.0021	4.40998e-08	0.005	0.00500005
0.00211	4.45208e-08	0.005	0.00500005
0.00212	4.49438e-08	0.005	0.00500005
0.00213	4.53687e-08	0.005	0.00500005
0.00214	4.57957e-08	0.005	0.00500005
0.00215	4.62247e-08	0.005	0.00500005
0.00216	4.66557e-08	0.005	0.00500005
0.00217	4.70887e-08	0.005	0.00500005
0.00218	4.75237e-08	0.005	0.00500005
0.00219	4.79607e-08	0.005	0.00500005
0.0022	4.83997e-08	0.005	0.00500005
0.00221	4.88407e-08	0.005	0.00500005
0.00222	4.92837e-08	0.005	0.00500005
0.00223	4.97287e-08	0.005	0.00500005
0.00224	5.01757e-08	0.005	0.00500005
0.00225	5.06247e-08	0.005	0.00500005
0.00226	5.10757e-08	0.005	0.00500005
0.00227	5.15287e-08	0.005	0.00500005
0.00228	5.19837e-08	0.005	0.00500005
0.00229	5.24407e-08	0.005	0.00500005
0.0023	5.28997e-08	0.005	0.00500005
0.00231	5.33607e-08	0.005	0.00500006
0.00232	5.38237e-08	0.005	0.00500006
0.00233	5.42887e-08	0.005	0.00500006
0.00234	5.47557e-08	0.005	0.00500006
0.00235	5.52246e-08	0.005	0.00500006
0.00236	5.56956e-08	0.005	0.00500006
0.00237	5.61686e-08	0.005	0.00500006
0.00238	5.66436e-08	0.005	0.00500006
0.00239	5.71206e-08	0.005	0.00500006
0.0024	5.75996e-08	0.005	0.00500006
0.00241	5.80806e-08	0.005	0.00500006
0.00242	5.85636e-08	0.005	0.00500006
0.00243	5.90486e-08	0.005	0.00500006
0.00244	5.95356e-08	0.005	0.00500006
0.00245	6.00246e-08	0.005	0.00500006
0.00246	6.05156e-08	0.005	0.00500006
0.00247	6.10086e-08	0.005	0.00500006
0.00248	6.15036e-08	0.005	0.00500006
0.00249	6.20006e-08	0.005	0.00500006
0.0025	6.24996e-08	0.005	0.00500006
0.00251	6.30006e-08	0.005	0.00500006
0.00252	6.35036e-08	0.005	0.00500007
0.00253	6.40086e-08	0.005	0.00500007
0.00254	6.45156e-08	0.005	0.00500007
0.00255	6.50246e-08	0.005	0.00500007
0.00256	6.55356e-08	0.005	0.00500007
0.00257	6.60486e-08	0.005	0.00500007
0.00258	6.65636e-08	0.005	0.00500007
0.00259	6.70806e-08	0.005	0.00500007
0.0026	6.75996e-08	0.005	0.00500007
0.00261	6.81206e-08	0.005	0.00500007
0.00262	6.86436e-08	0.005	0.00500007
0.00263	6.91686e-08	0.005	0.00500007
0.00264	6.96956e-08	0.005	0.00500007
0.00265	7.02247e-08	0.005	0.00500007
0.00266	7.07557e-08	0.005	0.00500007
0.00267	7.12887e-08	0.005	0.00500007
0.00268	7.18237e-08	0.005	0.00500007
0.00269	7.23607e-08	0.005	0.00500007
0.0027	7.28997e-08	0.005	0.00500007
0.00271	7.34407e-08	0.005	0.00500008
0.00272	7.39837e-08	0.005	0.00500008
0.00273	7.45287e-08	0.005	0.00500008
0.00274	7.50757e-08	0.005	0.00500008
0.00275	7.56247e-08	0.005	0.00500008
0.00276	7.61757e-08	0.005	0.00500008
0.00277	7.67287e-08	0.005	0.00500008
0.00278	7.72837e-08	0.005	0.00500008
0.00279	7.78407e-08	0.005	0.00500008
0.0028	7.83997e-08	0.005	0.00500008
0.00281	7.89607e-08	0.005	0.00500008
0.00282	7.95237e-08	0.005	0.00500008
0.00283	8.00887e-08	0.005	0.00500008
0.00284	8.06557e-08	0.005	0.00500008
0.00285	8.12247e-08	0.005	0.00500008
0.00286	8.17957e-08	0.005	0.00500008
0.00287	8.23687e-08	0.005	0.00500008
0.00288	8.29437e-08	0.005	0.00500008
0.00289	8.35207e-08	0.005	0.00500009
0.0029	8.40997e-08	0.005	0.00500009
0.00291	8.46807e-08	0.005	0.00500009
0.00292	8.52637e-08	0.005	0.00500009
0.00293	8.58487e-08	0.005	0.00500009
0.00294	8.64357e-08	0.005	0.00500009
0.00295	8.70247e-08	0.005	0.00500009
0.00296	8.76157e-08	0.005	0.00500009
0.00297	8.82088e-08	0.005	0.00500009
0.00298	8.88038e-08	0.005	0.00500009
0.00299	8.94008e-08	0.005	0.00500009
0.003	8.99998e-08	0.005	0.00500009
0.00301	9.06008e-08	0.005	0.00500009
0.00302	9.12038e-08	0.005	0.00500009
0.00303	9.18088e-08	0.005	0.00500009
0.00304	9.24158e-08	0.005	0.00500009
0.00305	9.30248e-08	0.005	0.00500009
0.00306	9.36358e-08	0.005	0.0050001
0.00307	9.42488e-08	0.005	0.0050001
0.00308	9.48638e-08	0.005	0.0050001
0.00309	9.54808e-08	0.005	0.0050001
0.0031	9.60998e-08	0.005	0.0050001
0.00311	9.67208e-08	0.005	0.0050001
0.00312	9.73438e-08	0.005	0.0050001
0.00313	9.79688e-08	0.005	0.0050001
0.00314	9.85958e-08	0.005	0.0050001
0.00315	9.92248e-08	0.005	0.0050001
0.00316	9.98558e-08	0.005	0.0050001
0.00317	1.00489e-07	0.005	0.0050001
0.00318	1.01124e-07	0.005	0.0050001
0.00319	1.01761e-07	0.005	0.0050001
0.0032	1.024e-07	0.005	0.0050001
0.00321	1.03041e-07	0.005	0.0050001
0.00322	1.03684e-07	0.005	0.00500011
0.00323	1.04329e-07	0.005	0.00500011
0.00324	1.04976e-07	0.005	0.00500011
0.00325	1.05625e-07	0.005	0.00500011
0.00326	1.06276e-07	0.005	0.00500011
0.00327	1.06929e-07	0.005	0.00500011
0.00328	1.07584e-07	0.005	0.00500011
0.00329	1.08241e-07	0.005	0.00500011
0.0033	1.089e-07	0.005	0.00500011
0.00331	1.09561e-07	0.005	0.00500011
0.00332	1.10224e-07	0.005	0.00500011
0.00333	1.10889e-07	0.005	0.00500011
0.00334	1.11556e-07	0.005	0.00500011
0.00335	1.12225e-07	0.005	0.00500011
0.00336	1.12896e-07	0.005	0.00500011
0.00337	1.13569e-07	0.005	0.00500012
0.00338	1.14244e-07	0.005	0.00500012
0.00339	1.14921e-07	0.005	0.00500012
0.0034	1.156e-07	0.005	0.00500012
0.00341	1.16281e-07	0.005	0.00500012
0.00342	1.16964e-07	0.005	0.00500012
0.00343	1.17649e-07	0.005	0.00500012
0.00344	1.18336e-07	0.005	0.00500012
0.00345	1.19025e-07	0.005	0.00500012
0.00346	1.19716e-07	0.005	0.00500012
0.00347	1.20409e-07	0.005	0.00500012
0.00348	1.21104e-07	0.005	0.00500012
0.00349	1.21801e-07	0.005	0.00500012
0.0035	1.225e-07	0.005	0.00500012
0.00351	1.23201e-07	0.005	0.00500013
0.00352	1.23904e-07	0.005	0.00500013
0.00353	1.24609e-07	0.005	0.00500013
0.00354	1.25316e-07	0.005	0.00500013
0.00355	1.26025e-07	0.005	0.00500013
0.00356	1.26736e-07	0.005	0.00500013
0.00357	1.27449e-07	0.005	0.00500013
0.00358	1.28164e-07	0.005	0.00500013
0.00359	1.28881e-07	0.005	0.00500013
0.0036	1.296e-07	0.005	0.00500013
0.00361	1.30321e-07	0.005	0.00500013
0.00362	1.31044e-07	0.005	0.00500013
0.00363	1.31769e-07	0.005	0.00500013
0.00364	1.32496e-07	0.005	0.00500013
0.00365	1.33225e-07	0.005	0.00500013
0.00366	1.33956e-07	0.005	0.00500014
0.00367	1.34689e-07	0.005	0.00500014
0.00368	1.35424e-07	0.005	0.00500014
0.00369	1.36161e-07	0.005	0.00500014
0.0037	1.369e-07	0.005	0.00500014
0.00371	1.37641e-07	0.005	0.00500014
0.00372	1.38384e-07	0.005	0.00500014
0.00373	1.39129e-07	0.005	0.00500014
0.00374	1.39876e-07	0.005	0.00500014
0.00375	1.40625e-07	0.005	0.00500014
0.00376	1.41376e-07	0.005	0.00500014
0.00377	1.42129e-07	0.005	0.00500014
0.00378	1.42884e-07	0.005	0.00500014
0.00379	1.43641e-07	0.005	0.00500015
0.0038	1.444e-07	0.005	0.00500015
0.00381	1.45161e-07	0.005	0.00500015
0.00382	1.45924e-07	0.005	0.00500015
0.00383	1.46689e-07	0.005	0.00500015
0.00384	1.47456e-07	0.005	0.00500015
0.00385	1.48225e-07	0.005	0.00500015
0.00386	1.48996e-07	0.005	0.00500015
0.00387	1.49769e-07	0.005	0.00500015
0.00388	1.50544e-07	0.005	0.00500015
0.00389	1.51321e-07	0.005	0.00500015
0.0039	1.521e-07	0.005	0.00500015
0.00391	1.52881e-07	0.005	0.00500015
0.00392	1.53664e-07	0.005	0.00500016
0.00393	1.54449e-07	0.005	0.00500016
0.00394	1.55236e-07	0.005	0.00500016
0.00395	1.56025e-07	0.005	0.00500016
0.00396	1.56816e-07	0.005	0.00500016
0.00397	1.57609e-07	0.005	0.00500016
0.00398	1.58404e-07	0.005	0.00500016
0.00399	1.59201e-07	0.005	0.00500016
0.004	1.6e-07	0.005	0.00500016
0.00401	1.60801e-07	0.005	0.00500016
0.00402	1.61604e-07	0.005	0.00500016
0.00403	1.62409e-07	0.005	0.00500016
0.00404	1.63216e-07	0.005	0.00500017
0.00405	1.64025e-07	0.005	0.00500017
0.00406	1.64836e-07	0.005	0.00500017
0.00407	1.65649e-07	0.005	0.00500017
0.00408	1.66464e-07	0.005	0.00500017
0.00409	1.67281e-07	0.005	0.00500017
0.0041	1.681e-07	0.005	0.00500017
0.00411	1.68921e-07	0.005	0.00500017
0.00412	1.69744e-07	0.005	0.00500017
0.00413	1.70569e-07	0.005	0.00500017
0.00414	1.71396e-07	0.005	0.00500017
0.00415	1.72225e-07	0.005	0.00500017
0.00416	1.73056e-07	0.005	0.00500017
0.00417	1.73889e-07	0.005	0.00500018
0.00418	1.74724e-07	0.005	0.00500018
0.00419	1.75561e-07	0.005	0.00500018
0.0042	1.764e-07	0.005	0.00500018
0.00421	1.77241e-07	0.005	0.00500018
0.00422	1.78084e-07	0.005	0.00500018
0.00423	1.78929e-07	0.005	0.00500018
0.00424	1.79776e-07	0.005	0.00500018
0.00425	1.80625e-07	0.005	0.00500018
0.00426	1.81476e-07	0.005	0.00500018
0.00427	1.82329e-07	0.005	0.00500018
0.00428	1.83184e-07	0.005	0.00500018
0.00429	1.84042e-07	0.005	0.00500019
0.0043	1.84901e-07	0.005	0.00500019
0.00431	1.85762e-07	0.005	0.00500019
0.00432	1.86625e-07	0.005	0.00500019
0.00433	1.8749e-07	0.005	0.00500019
0.00434	1.88357e-07	0.005	0.00500019
0.00435	1.89226e-07	0.005	0.00500019
0.00436	1.90097e-07	0.005	0.00500019
0.00437	1.9097e-07	0.005	0.00500019
0.00438	1.91845e-07	0.005	0.00500019
0.00439	1.92722e-07	0.005	0.00500019
0.0044	1.93601e-07	0.005	0.0050002
0.00441	1.94482e-07	0.005	0.0050002
0.00442	1.95365e-07	0.005	0.0050002
0.00443	1.9625e-07	0.005	0.0050002
0.00444	1.97137e-07	0.005	0.0050002
0.00445	1.98026e-07	0.005	0.0050002
0.00446	1.98917e-07	0.005	0.0050002
0.00447	1.9981e-07	0.005	0.0050002
0.00448	2.00705e-07	0.005	0.0050002
0.00449	2.01602e-07	0.005	0.0050002
0.0045	2.02501e-07	0.005	0.0050002
0.00451	2.03402e-07	0.005	0.00500021
0.00452	2.04305e-07	0.005	0.00500021
0.00453	2.0521e-07	0.005	0.00500021
0.00454	2.06117e-07	0.005	0.00500021
0.00455	2.07026e-07	0.005	0.00500021
0.00456	2.07937e-07	0.005	0.00500021
0.00457	2.0885e-07	0.005	0.00500021
0.00458	2.09765e-07	0.005	0.00500021
0.00459	2.10682e-07	0.005	0.00500021
0.0046	2.11601e-07	0.005	0.00500021
0.00461	2.12522e-07	0.005	0.00500021
0.00462	2.13445e-07	0.005	0.00500022
0.00463	2.1437e-07	0.005	0.00500022
0.00464	2.15297e-07	0.005	0.00500022
0.00465	2.16226e-07	0.005	0.00500022
0.00466	2.17157e-07	0.005	0.00500022
0.00467	2.1809e-07	0.005	0.00500022
0.00468	2.19025e-07	0.005	0.00500022
0.00469	2.19962e-07	0.005	0.00500022
0.0047	2.20901e-07	0.005	0.00500022
0.00471	2.21842e-07	0.005	0.00500022
0.00472	2.22785e-07	0.005	0.00500022
0.00473	2.2373e-07	0.005	0.00500023
0.00474	2.24677e-07	0.005	0.00500023
0.00475	2.25626e-07	0.005	0.00500023
0.00476	2.26577e-07	0.005	0.00500023
0.00477	2.2753e-07	0.005	0.00500023
0.00478	2.28485e-07	0.005	0.00500023
0.00479	2.29442e-07	0.005	0.00500023
0.0048	2.30401e-07	0.005	0.00500023
0.00481	2.31362e-07	0.005	0.00500023
0.00482	2.32325e-07	0.005	0.00500023
0.00483	2.3329e-07	0.005	0.00500024
0.00484	2.34257e-07	0.005	0.00500024
0.00485	2.35226e-07	0.005	0.00500024
0.00486	2.36197e-07	0.005	0.00500024
0.00487	2.3717e-07	0.005	0.00500024
0.00488	2.38145e-07	0.005	0.00500024
0.00489	2.39122e-07	0.005	0.00500024
0.0049	2.40101e-07	0.005	0.00500024
0.00491	2.41082e-07	0.005	0.00500024
0.00492	2.42065e-07	0.005	0.00500024
0.00493	2.4305e-07	0.005	0.00500024
0.00494	2.44037e-07	0.005	0.00500025
0.00495	2.45026e-07	0.005	0.00500025
0.00496	2.46017e-07	0.005	0.00500025
0.00497	2.4701e-07	0.005	0.00500025
0.00498	2.48005e-07	0.005	0.00500025
0.00499	2.49002e-07	0.005	0.00500025
0.005	2.50001e-07	0.005	0.00500025
0.00501	2.51002e-07	0.005	0.00500025
0.00502	2.52005e-07	0.005	0.00500025
0.00503	2.5301e-07	0.005	0.00500025
0.00504	2.54017e-07	0.005	0.00500026
0.00505	2.55026e-07	0.005	0.00500026
0.00506	2.56037e-07	0.005	0.00500026
0.00507	2.5705e-07	0.005	0.00500026
0.00508	2.58065e-07	0.005	0.00500026
0.00509	2.59082e-07	0.005	0.00500026
0.0051	2.60101e-07	0.005	0.00500026
0.00511	2.61122e-07	0.005	0.00500026
0.00512	2.62145e-07	0.005	0.00500026
0.00513	2.6317e-07	0.005	0.00500026
0.00514	2.64197e-07	0.005	0.00500027
0.00515	2.65226e-07	0.005	0.00500027
0.00516	2.66257e-07	0.005	0.00500027
0.00517	2.6729e-07	0.005	0.00500027
0.00518	2.68325e-07	0.005	0.00500027
0.00519	2.69362e-07	0.005	0.00500027
0.0052	2.70401e-07	0.005	0.00500027
0.00521	2.71442e-07	0.005	0.00500027
0.00522	2.72485e-07	0.005	0.00500027
0.00523	2.7353e-07	0.005	0.00500028
0.00524	2.74577e-07	0.005	0.00500028
0.00525	2.75626e-07	0.005	0.00500028
0.00526	2.76677e-07	0.005	0.00500028
0.00527	2.7773e-07	0.005	0.00500028
0.00528	2.78785e-07	0.005	0.00500028
0.00529	2.79842e-07	0.005	0.00500028
0.0053	2.80901e-07	0.005	0.00500028
0.00531	2.81962e-07	0.005	0.00500028
0.00532	2.83025e-07	0.005	0.00500028
0.00533	2.8409e-07	0.005	0.00500029
0.00534	2.85157e-07	0.005	0.00500029
0.00535	2.86226e-07	0.005	0.00500029
0.00536	2.87297e-07	0.005	0.00500029
0.00537	2.88371e-07	0.005	0.00500029
0.00538	2.89446e-07	0.005	0.00500029
0.00539	2.90523e-07	0.005	0.00500029
0.0054	2.91602e-07	0.005	0.00500029
0.00541	2.92683e-07	0.005	0.00500029
0.00542	2.93766e-07	0.005	0.0050003
0.00543	2.94851e-07	0.005	0.0050003
0.00544	2.95938e-07	0.005	0.0050003
0.00545	2.97027e-07	0.005	0.0050003
0.00546	2.98118e-07	0.005	0.0050003
0.00547	2.99211e-07	0.005	0.0050003
0.00548	3.00306e-07	0.005	0.0050003
0.00549	3.01403e-07	0.005	0.0050003
0.0055	3.02502e-07	0.005	0.0050003
0.00551	3.03603e-07	0.005	0.00500031
0.00552	3.04706e-07	0.005	0.00500031
0.00553	3.05811e-07	0.005	0.00500031
0.00554	3.06918e-07	0.005	0.00500031
0.00555	3.08027e-07	0.005	0.00500031
0.00556	3.09138e-07	0.005	0.00500031
0.00557	3.10251e-07	0.005	0.00500031
0.00558	3.11366e-07	0.005	0.00500031
0.00559	3.12483e-07	0.005	0.00500031
0.0056	3.13602e-07	0.005	0.00500032
0.00561	3.14723e-07	0.005	0.00500032
0.00562	3.15846e-07	0.005	0.00500032
0.00563	3.16971e-07	0.005	0.00500032
0.00564	3.18098e-07	0.005	0.00500032
0.00565	3.19227e-07	0.005	0.00500032
0.00566	3.20358e-07	0.005	0.00500032
0.00567	3.21491e-07	0.005	0.00500032
0.00568	3.22626e-07	0.005	0.00500032
0.00569	3.23763e-07	0.005	0.00500033
0.0057	3.24902e-07	0.005	0.00500033
0.00571	3.26043e-07	0.005	0.00500033
0.00572	3.27186e-07	0.005	0.00500033
0.00573	3.28331e-07	0.005	0.00500033
0.00574	3.29478e-07	0.005	0.00500033
0.00575	3.30627e-07	0.005	0.00500033
0.00576	3.31778e-07	0.005	0.00500033
0.00577	3.32931e-07	0.005	0.00500033
0.00578	3.34086e-07	0.005	0.00500034
0.00579	3.35243e-07	0.005	0.00500034
0.0058	3.36402e-07	0.005	0.00500034
0.00581	3.37563e-07	0.005	0.00500034
0.00582	3.38726e-07	0.005	0.00500034
0.00583	3.39891e-07	0.005	0.00500034
0.00584	3.41058e-07	0.005	0.00500034
0.00585	3.42227e-07	0.005	0.00500034
0.00586	3.43398e-07	0.005	0.00500034
0.00587	3.44571e-07	0.005	0.00500035
0.00588	3.45746e-07	0.005	0.00500035
0.00589	3.46923e-07	0.005	0.00500035
0.0059	3.48102e-07	0.005	0.00500035
0.00591	3.49283e-07	0.005	0.00500035
0.00592	3.50466e-07	0.005	0.00500035
0.00593	3.51651e-07	0.005	0.00500035
0.00594	3.52838e-07	0.005	0.00500035
0.00595	3.54027e-07	0.005	0.00500036
0.00596	3.55218e-07	0.005	0.00500036
0.00597	3.56411e-07	0.005	0.00500036
0.00598	3.57606e-07	0.005	0.00500036
0.00599	3.58803e-07	0.005	0.00500036
0.006	3.60002e-07	0.005	0.00500036
0.00601	3.61203e-07	0.005	0.00500036
0.00602	3.62406e-07	0.005	0.00500036
0.00603	3.63611e-07	0.005	0.00500037
0.00604	3.64818e-07	0.005	0.00500037
0.00605	3.66027e-07	0.005	0.00500037
0.00606	3.67238e-07	0.005	0.00500037
0.00607	3.68451e-07	0.005	0.00500037
0.00608	3.69666e-07	0.005	0.00500037
0.00609	3.70883e-07	0.005	0.00500037
0.0061	3.72102e-07	0.005	0.00500037
0.00611	3.73323e-07	0.005	0.00500038
0.00612	3.74546e-07	0.005	0.00500038
0.00613	3.75771e-07	0.005	0.00500038
0.00614	3.76998e-07	0.005	0.00500038
0.00615	3.78227e-07	0.005	0.00500038
0.00616	3.79458e-07	0.005	0.00500038
0.00617	3.80691e-07	0.005	0.00500038
0.00618	3.81926e-07	0.005	0.00500038
0.00619	3.83164e-07	0.005	0.00500038
0.0062	3.84403e-07	0.005	0.00500039
0.00621	3.85644e-07	0.005	0.00500039
0.00622	3.86887e-07	0.005	0.00500039
0.00623	3.88132e-07	0.005	0.00500039
0.00624	3.89379e-07	0.005	0.00500039
0.00625	3.90628e-07	0.005	0.00500039
0.00626	3.91879e-07	0.005	0.00500039
0.00627	3.93132e-07	0.005	0.00500039
0.00628	3.94387e-07	0.005	0.0050004
0.00629	3.95644e-07	0.005	0.0050004
0.0063	3.96903e-07	0.005	0.0050004
0.00631	3.98164e-07	0.005	0.0050004
0.00632	3.99427e-07	0.005	0.0050004
0.00633	4.00692e-07	0.005	0.0050004
0.00634	4.01959e-07	0.005	0.0050004
0.00635	4.03228e-07	0.005	0.00500041
0.00636	4.04499e-07	0.005	0.00500041
0.00637	4.05772e-07	0.005	0.00500041
0.00638	4.07047e-07	0.005	0.00500041
0.00639	4.08324e-07	0.005	0.00500041
0.0064	4.09603e-07	0.005	0.00500041
0.00641	4.10884e-07	0.005	0.00500041
0.00642	4.12167e-07	0.005	0.00500041
0.00643	4.13452e-07	0.005	0.00500042
0.00644	4.14739e-07	0.005	0.00500042
0.00645	4.16028e-07	0.005	0.00500042
0.00646	4.17319e-07	0.005	0.00500042
0.00647	4.18612e-07	0.005	0.00500042
0.00648	4.19907e-07	0.005	0.00500042
0.00649	4.21204e-07	0.005	0.00500042
0.0065	4.22503e-07	0.005	0.00500042
0.00651	4.23804e-07	0.005	0.00500043
0.00652	4.25107e-07	0.005	0.00500043
0.00653	4.26412e-07	0.005	0.00500043
0.00654	4.27719e-07	0.005	0.00500043
0.00655	4.29028e-07	0.005	0.00500043
0.00656	4.30339e-07	0.005	0.00500043
0.00657	4.31652e-07	0.005	0.00500043
0.00658	4.32967e-07	0.005	0.00500043
0.00659	4.34284e-07	0.005	0.00500044
0.0066	4.35603e-07	0.005	0.00500044
0.00661	4.36924e-07	0.005	0.00500044
0.00662	4.38247e-07	0.005	0.00500044
0.00663	4.39572e-07	0.005	0.00500044
0.00664	4.40899e-07	0.005	0.00500044
0.00665	4.42228e-07	0.005	0.00500044
0.00666	4.43559e-07	0.005	0.00500045
0.00667	4.44892e-07	0.005	0.00500045
0.00668	4.46227e-07	0.005	0.00500045
0.00669	4.47564e-07	0.005	0.00500045
0.0067	4.48903e-07	0.005	0.00500045
0.00671	4.50244e-07	0.005	0.00500045
0.00672	4.51587e-07	0.005	0.00500045
0.00673	4.52932e-07	0.005	0.00500045
0.00674	4.54279e-07	0.005	0.00500046
0.00675	4.55628e-07	0.005	0.00500046
0.00676	4.56979e-07	0.005	0.00500046
0.00677	4.58332e-07	0.005	0.00500046
0.00678	4.59687e-07	0.005	0.00500046
0.00679	4.61044e-07	0.005	0.00500046
0.0068	4.62403e-07	0.005	0.00500046
0.00681	4.63764e-07	0.005	0.00500047
0.00682	4.65127e-07	0.005	0.00500047
0.00683	4.66492e-07	0.005	0.00500047
0.00684	4.67859e-07	0.005	0.00500047
0.00685	4.69228e-07	0.005	0.00500047
0.00686	4.706e-07	0.005	0.00500047
0.00687	4.71972e-07	0.005	0.00500047
0.00688	4.73348e-07	0.005	0.00500048
0.00689	4.74725e-07	0.005	0.00500048
0.0069	4.76104e-07	0.005	0.00500048
0.00691	4.77485e-07	0.005	0.00500048
0.00692	4.78868e-07	0.005	0.00500048
0.00693	4.80253e-07	0.005	0.00500048
0.00694	4.8164e-07	0.005	0.00500048
0.00695	4.83029e-07	0.005	0.00500048
0.00696	4.8442e-07	0.005	0.00500049
0.00697	4.85813e-07	0.005	0.00500049
0.00698	4.87208e-07	0.005	0.00500049
0.00699	4.88605e-07	0.005	0.00500049
0.007	4.90004e-07	0.005	0.00500049
0.00701	4.91405e-07	0.005	0.00500049
0.00702	4.92808e-07	0.005	0.00500049
0.00703	4.94213e-07	0.005	0.0050005
0.00704	4.9562e-07	0.005	0.0050005
0.00705	4.97029e-07	0.005	0.0050005
0.00706	4.9844e-07	0.005	0.0050005
0.00707	4.99853e-07	0.005	0.0050005
0.00708	5.01268e-07	0.005	0.0050005
0.00709	5.02685e-07	0.005	0.0050005
0.0071	5.04104e-07	0.005	0.00500051
0.00711	5.05525e-07	0.005	0.00500051
0.00712	5.06948e-07	0.005	0.00500051
0.00713	5.08373e-07	0.005	0.00500051
0.00714	5.098e-07	0.005	0.00500051
0.00715	5.11229e-07	0.005	0.00500051
0.00716	5.1266e-07	0.005	0.00500051
0.00717	5.14093e-07	0.005	0.00500052
0.00718	5.15528e-07	0.005	0.00500052
0.00719	5.16965e-07	0.005	0.00500052
0.0072	5.18404e-07	0.005	0.00500052
0.00721	5.19845e-07	0.005	0.00500052
0.00722	5.21288e-07	0.005	0.00500052
0.00723	5.22733e-07	0.005	0.00500052
0.00724	5.2418e-07	0.005	0.00500053
0.00725	5.25629e-07	0.005	0.00500053
0.00726	5.2708e-07	0.005	0.00500053
0.00727	5.28533e-07	0.005	0.00500053
0.00728	5.29988e-07	0.005	0.00500053
0.00729	5.31445e-07	0.005	0.00500053
0.0073	5.32904e-07	0.005	0.00500053
0.00731	5.34365e-07	0.005	0.00500054
0.00732	5.35828e-07	0.005	0.00500054
0.00733	5.37293e-07	0.005	0.00500054
0.00734	5.3876e-07	0.005	0.00500054
0.00735	5.40229e-07	0.005	0.00500054
0.00736	5.417e-07	0.005	0.00500054
0.00737	5.43173e-07	0.005	0.00500054
0.00738	5.44648e-07	0.005	0.00500055
0.00739	5.46125e-07	0.005	0.00500055
0.0074	5.47604e-07	0.005	0.00500055
0.00741	5.49085e-07	0.005	0.00500055
0.00742	5.50568e-07	0.005	0.00500055
0.00743	5.52053e-07	0.005	0.00500055
0.00744	5.5354e-07	0.005	0.00500056
0.00745	5.55029e-07	0.005	0.00500056
0.00746	5.5652e-07	0.005	0.00500056
0.00747	5.58013e-07	0.005	0.00500056
0.00748	5.59509e-07	0.005	0.00500056
0.00749	5.61006e-07	0.005	0.00500056
0.0075	5.62505e-07	0.005	0.00500056
0.00751	5.64006e-07	0.005	0.00500057
0.00752	5.65509e-07	0.005	0.00500057
0.00753	5.67014e-07	0.005	0.00500057
0.00754	5.68521e-07	0.005	0.00500057
0.00755	5.7003e-07	0.005	0.00500057
0.00756	5.71541e-07	0.005	0.00500057
0.00757	5.73054e-07	0.005	0.00500057
0.00758	5.74569e-07	0.005	0.00500058
0.00759	5.76086e-07	0.005	0.00500058
0.0076	5.77605e-07	0.005	0.00500058
0.00761	5.79126e-07	0.005	0.00500058
0.00762	5.80649e-07	0.005	0.00500058
0.00763	5.82174e-07	0.005	0.00500058
0.00764	5.83701e-07	0.005	0.00500059
0.00765	5.8523e-07	0.005	0.00500059
0.00766	5.86761e-07	0.005	0.00500059
0.00767	5.88294e-07	0.005	0.00500059
0.00768	5.89829e-07	0.005	0.00500059
0.00769	5.91366e-07	0.005	0.00500059
0.0077	5.92905e-07	0.005	0.00500059
0.00771	5.94446e-07	0.005	0.0050006
0.00772	5.95989e-07	0.005	0.0050006
0.00773	5.97534e-07	0.005	0.0050006
0.00774	5.99081e-07	0.005	0.0050006
0.00775	6.0063e-07	0.005	0.0050006
0.00776	6.02181e-07	0.005	0.0050006
0.00777	6.03734e-07	0.005	0.00500061
0.00778	6.05289e-07	0.005	0.00500061
0.00779	6.06846e-07	0.005	0.00500061
0.0078	6.08405e-07	0.005	0.00500061
0.00781	6.09966e-07	0.005	0.00500061
0.00782	6.11529e-07	0.005	0.00500061
0.00783	6.13094e-07	0.005	0.00500062
0.00784	6.14661e-07	0.005	0.00500062
0.00785	6.1623e-07	0.005	0.00500062
0.00786	6.17801e-07	0.005	0.00500062
0.00787	6.19374e-07	0.005	0.00500062
0.00788	6.20949e-07	0.005	0.00500062
0.00789	6.22526e-07	0.005	0.00500062
0.0079	6.24105e-07	0.005	0.00500063
0.00791	6.25686e-07	0.005	0.00500063
0.00792	6.27269e-07	0.005	0.00500063
0.00793	6.28854e-07	0.005	0.00500063
0.00794	6.30441e-07	0.005	0.00500063
0.00795	6.3203e-07	0.005	0.00500063
0.00796	6.33621e-07	0.005	0.00500064
0.00797	6.35214e-07	0.005	0.00500064
0.00798	6.36809e-07	0.005	0.00500064
0.00799	6.38406e-07	0.005	0.00500064
0.008	6.40005e-07	0.005	0.00500064
0.00801	6.41607e-07	0.005	0.00500064
0.00802	6.43209e-07	0.005	0.00500064
0.00803	6.44815e-07	0.005	0.00500065
0.00804	6.46422e-07	0.005	0.00500065
0.00805	6.48031e-07	0.005	0.00500065
0.00806	6.49642e-07	0.005	0.00500065
0.00807	6.51255e-07	0.005	0.00500065
0.00808	6.5287e-07	0.005	0.00500065
0.00809	6.54487e-07	0.005	0.00500066
0.0081	6.56106e-07	0.005	0.00500066
0.00811	6.57727e-07	0.005	0.00500066
0.00812	6.5935e-07	0.005	0.00500066
0.00813	6.60975e-07	0.005	0.00500066
0.00814	6.62602e-07	0.005	0.00500066
0.00815	6.64231e-07	0.005	0.00500067
0.00816	6.65862e-07	0.005	0.00500067
0.00817	6.67495e-07	0.005	0.00500067
0.00818	6.6913e-07	0.005	0.00500067
0.00819	6.70767e-07	0.005	0.00500067
0.0082	6.72406e-07	0.005	0.00500067
0.00821	6.74047e-07	0.005	0.00500068
0.00822	6.7569e-07	0.005	0.00500068
0.00823	6.77335e-07	0.005	0.00500068
0.00824	6.78982e-07	0.005	0.00500068
0.00825	6.80631e-07	0.005	0.00500068
0.00826	6.82282e-07	0.005	0.00500068
0.00827	6.83935e-07	0.005	0.00500069
0.00828	6.8559e-07	0.005	0.00500069
0.00829	6.87247e-07	0.005	0.00500069
0.0083	6.88906e-07	0.005	0.00500069
0.00831	6.90567e-07	0.005	0.00500069
0.00832	6.9223e-07	0.005	0.00500069
0.00833	6.93895e-07	0.005	0.0050007
0.00834	6.95562e-07	0.005	0.0050007
0.00835	6.97231e-07	0.005	0.0050007
0.00836	6.98902e-07	0.005	0.0050007
0.00837	7.00575e-07	0.005	0.0050007
0.00838	7.0225e-07	0.005	0.0050007
0.00839	7.03927e-07	0.005	0.00500071
0.0084	7.05606e-07	0.005	0.00500071
0.00841	7.07287e-07	0.005	0.00500071
0.00842	7.0897e-07	0.005	0.00500071
0.00843	7.10655e-07	0.005	0.00500071
0.00844	7.12342e-07	0.005	0.00500071
0.00845	7.14031e-07	0.005	0.00500072
0.00846	7.15722e-07	0.005	0.00500072
0.00847	7.17415e-07	0.005	0.00500072
0.00848	7.1911e-07	0.005	0.00500072
0.00849	7.20807e-07	0.005	0.00500072
0.0085	7.22506e-07	0.005	0.00500072
0.00851	7.24207e-07	0.005	0.00500073
0.00852	7.2591e-07	0.005	0.00500073
0.00853	7.27615e-07	0.005	0.00500073
0.00854	7.29323e-07	0.005	0.00500073
0.00855	7.31032e-07	0.005	0.00500073
0.00856	7.32743e-07	0.005	0.00500073
0.00857	7.34456e-07	0.005	0.00500074
0.00858	7.36171e-07	0.005	0.00500074
0.00859	7.37888e-07	0.005	0.00500074
0.0086	7.39607e-07	0.005	0.00500074
0.00861	7.41328e-07	0.005	0.00500074
0.00862	7.43051e-07	0.005	0.00500074
0.00863	7.44776e-07	0.005	0.00500075
0.00864	7.46503e-07	0.005	0.00500075
0.00865	7.48232e-07	0.005	0.00500075
0.00866	7.49963e-07	0.005	0.00500075
0.00867	7.51696e-07	0.005	0.00500075
0.00868	7.53431e-07	0.005	0.00500076
0.00869	7.55168e-07	0.005	0.00500076
0.0087	7.56907e-07	0.005	0.00500076
0.00871	7.58648e-07	0.005	0.00500076
0.00872	7.60391e-07	0.005	0.00500076
0.00873	7.62136e-07	0.005	0.00500076
0.00874	7.63883e-07	0.005	0.00500077
0.00875	7.65632e-07	0.005	0.00500077
0.00876	7.67383e-07	0.005	0.00500077
0.00877	7.69136e-07	0.005	0.00500077
0.00878	7.70891e-07	0.005	0.00500077
0.00879	7.72648e-07	0.005	0.00500077
0.0088	7.74407e-07	0.005	0.00500078
0.00881	7.76168e-07	0.005	0.00500078
0.00882	7.77931e-07	0.005	0.00500078
0.00883	7.79696e-07	0.005	0.00500078
0.00884	7.81463e-07	0.005	0.00500078
0.00885	7.83232e-07	0.005	0.00500078
0.00886	7.85003e-07	0.005	0.00500079
0.00887	7.86776e-07	0.005	0.00500079
0.00888	7.88551e-07	0.005	0.00500079
0.00889	7.90328e-07	0.005	0.00500079
0.0089	7.92107e-07	0.005	0.00500079
0.00891	7.93888e-07	0.005	0.0050008
0.00892	7.95671e-07	0.005	0.0050008
0.00893	7.97456e-07	0.005	0.0050008
0.00894	7.99243e-07	0.005	0.0050008
0.00895	8.01032e-07	0.005	0.0050008
0.00896	8.02823e-07	0.005	0.0050008
0.00897	8.04616e-07	0.005	0.00500081
0.00898	8.06411e-07	0.005	0.00500081
0.00899	8.08208e-07	0.005	0.00500081
0.009	8.10008e-07	0.005	0.00500081
0.00901	8.11809e-07	0.005	0.00500081
0.00902	8.13612e-07	0.005	0.00500082
0.00903	8.15417e-07	0.005	0.00500082
0.00904	8.17224e-07	0.005	0.00500082
0.00905	8.19033e-07	0.005	0.00500082
0.00906	8.20844e-07	0.005	0.00500082
0.00907	8.22657e-07	0.005	0.00500082
0.00908	8.24472e-07	0.005	0.00500083
0.00909	8.26289e-07	0.005	0.00500083
0.0091	8.28108e-07	0.005	0.00500083
0.00911	8.29929e-07	0.005	0.00500083
0.00912	8.31752e-07	0.005	0.00500083
0.00913	8.33577e-07	0.005	0.00500084
0.00914	8.35404e-07	0.005	0.00500084
0.00915	8.37233e-07	0.005	0.00500084
0.00916	8.39064e-07	0.005	0.00500084
0.00917	8.40897e-07	0.005	0.00500084
0.00918	8.42732e-07	0.005	0.00500084
0.00919	8.44569e-07	0.005	0.00500085
0.0092	8.46408e-07	0.005	0.00500085
0.00921	8.48249e-07	0.005	0.00500085
0.00922	8.50092e-07	0.005	0.00500085
0.00923	8.51937e-07	0.005	0.00500085
0.00924	8.53784e-07	0.005	0.00500086
0.00925	8.55633e-07	0.005	0.00500086
0.00926	8.57484e-07	0.005	0.00500086
0.00927	8.59337e-07	0.005	0.00500086
0.00928	8.61192e-07	0.005	0.00500086
0.00929	8.63049e-07	0.005	0.00500086
0.0093	8.64908e-07	0.005	0.00500087
0.00931	8.66769e-07	0.005	0.00500087
0.00932	8.68632e-07	0.005	0.00500087
0.00933	8.70497e-07	0.005	0.00500087
0.00934	8.72364e-07	0.005	0.00500087
0.00935	8.74233e-07	0.005	0.00500088
0.00936	8.76104e-07	0.005	0.00500088
0.00937	8.77977e-07	0.005	0.00500088
0.00938	8.79852e-07	0.005	0.00500088
0.00939	8.81729e-07	0.005	0.00500088
0.0094	8.83608e-07	0.005	0.00500089
0.00941	8.85489e-07	0.005	0.00500089
0.00942	8.87372e-07	0.005	0.00500089
0.00943	8.89257e-07	0.005	0.00500089
0.00944	8.91145e-07	0.005	0.00500089
0.00945	8.93034e-07	0.005	0.00500089
0.00946	8.94925e-07	0.005	0.0050009
0.00947	8.96818e-07	0.005	0.0050009
0.00948	8.98713e-07	0.005	0.0050009
0.00949	9.0061e-07	0.005	0.0050009
0.0095	9.02509e-07	0.005	0.0050009
0.00951	9.0441e-07	0.005	0.00500091
0.00952	9.06313e-07	0.005	0.00500091
0.00953	9.08218e-07	0.005	0.00500091
0.00954	9.10125e-07	0.005	0.00500091
0.00955	9.12034e-07	0.005	0.00500091
0.00956	9.13945e-07	0.005	0.00500092
0.00957	9.15858e-07	0.005	0.00500092
0.00958	9.17773e-07	0.005	0.00500092
0.00959	9.1969e-07	0.005	0.00500092
0.0096	9.21609e-07	0.005	0.00500092
0.00961	9.2353e-07	0.005	0.00500093
0.00962	9.25453e-07	0.005	0.00500093
0.00963	9.27378e-07	0.005	0.00500093
0.00964	9.29305e-07	0.005	0.00500093
0.00965	9.31234e-07	0.005	0.00500093
0.00966	9.33165e-07	0.005	0.00500093
0.00967	9.35098e-07	0.005	0.00500094
0.00968	9.37033e-07	0.005	0.00500094
0.00969	9.3897e-07	0.005	0.00500094
0.0097	9.40909e-07	0.005	0.00500094
0.00971	9.4285e-07	0.005	0.00500094
0.00972	9.44793e-07	0.005	0.00500095
0.00973	9.46738e-07	0.005	0.00500095
0.00974	9.48685e-07	0.005	0.00500095
0.00975	9.50634e-07	0.005	0.00500095
0.00976	9.52585e-07	0.005	0.00500095
0.00977	9.54538e-07	0.005	0.00500096
0.00978	9.56493e-07	0.005	0.00500096
0.00979	9.5845e-07	0.005	0.00500096
0.0098	9.60409e-07	0.005	0.00500096
0.00981	9.6237e-07	0.005	0.00500096
0.00982	9.64333e-07	0.005	0.00500097
0.00983	9.66298e-07	0.005	0.00500097
0.00984	9.68265e-07	0.005	0.00500097
0.00985	9.70235e-07	0.005	0.00500097
0.00986	9.72205e-07	0.005	0.00500097
0.00987	9.74179e-07	0.005	0.00500098
0.00988	9.76154e-07	0.005	0.00500098
0.00989	9.78131e-07	0.005	0.00500098
0.0099	9.8011e-07	0.005	0.00500098
0.00991	9.82091e-07	0.005	0.00500098
0.00992	9.84074e-07	0.005	0.00500099
0.00993	9.86059e-07	0.005	0.00500099
0.00994	9.88046e-07	0.005	0.00500099
0.00995	9.90035e-07	0.005	0.00500099
0.00996	9.92026e-07	0.005	0.00500099
0.00997	9.94019e-07	0.005	0.005001
0.00998	9.96014e-07	0.005	0.005001
0.00999	9.98011e-07	0.005	0.005001
