	const float m_length = 100.0f;
	const float m_width = 100.0f;
	const float m_height = 100.0f;
	
	const float m_v_max = 1.0f;

	const std::size_t m_N_particls_in_row = 4U;

	const float m_sigma = m_length / m_N_particls_in_row / 1.1224620f;
	const float m_R_cut = m_sigma * 2.5f;
	const float m_U_0 = 1.0f;

	const float t = 3.0f;
	const float dt = 0.0001f;
	const std::size_t m_N_steps = t / dt;
	const std::size_t m_N_update = 100U;

0	0	0	0
0	101.817	-289.854	-188.037
0.01	101.811	-289.849	-188.038
0.02	101.801	-289.838	-188.037
0.03	101.787	-289.824	-188.037
0.04	101.769	-289.806	-188.037
0.05	101.747	-289.783	-188.037
0.06	101.721	-289.758	-188.037
0.07	101.691	-289.729	-188.037
0.08	101.658	-289.695	-188.037
0.09	101.622	-289.659	-188.037
0.1	101.581	-289.618	-188.037
0.11	101.537	-289.574	-188.037
0.12	101.489	-289.526	-188.036
0.13	101.438	-289.474	-188.037
0.14	101.382	-289.418	-188.036
0.15	101.322	-289.359	-188.037
0.16	101.259	-289.296	-188.037
0.17	101.191	-289.227	-188.036
0.18	101.119	-289.155	-188.036
0.19	101.043	-289.079	-188.036
0.2	100.962	-288.999	-188.036
0.21	100.878	-288.914	-188.037
0.22	100.789	-288.825	-188.036
0.23	100.695	-288.732	-188.037
0.24	100.597	-288.633	-188.036
0.25	100.495	-288.531	-188.037
0.26	100.388	-288.424	-188.036
0.27	100.276	-288.313	-188.036
0.28	100.16	-288.196	-188.036
0.29	100.039	-288.075	-188.036
0.3	99.9139	-287.95	-188.036
0.31	99.7838	-287.819	-188.036
0.32	99.6488	-287.685	-188.036
0.33	99.5091	-287.545	-188.036
0.34	99.3645	-287.4	-188.035
0.35	99.2151	-287.25	-188.035
0.36	99.0606	-287.095	-188.035
0.37	98.9012	-286.936	-188.035
0.38	98.7368	-286.771	-188.034
0.39	98.5674	-286.602	-188.034
0.4	98.3929	-286.427	-188.034
0.41	98.2132	-286.247	-188.034
0.42	98.0284	-286.063	-188.034
0.43	97.8384	-285.873	-188.035
0.44	97.6433	-285.678	-188.034
0.45	97.4429	-285.478	-188.035
0.46	97.2373	-285.272	-188.035
0.47	97.0264	-285.062	-188.035
0.48	96.8102	-284.845	-188.035
0.49	96.5885	-284.623	-188.035
0.5	96.3614	-284.396	-188.035
0.51	96.1289	-284.164	-188.036
0.52	95.891	-283.926	-188.035
0.53	95.6475	-283.684	-188.036
0.54	95.3987	-283.435	-188.036
0.55	95.1442	-283.181	-188.037
0.56	94.8842	-282.921	-188.037
0.57	94.6186	-282.656	-188.038
0.58	94.3475	-282.385	-188.037
0.59	94.0709	-282.109	-188.038
0.6	93.7886	-281.826	-188.038
0.61	93.5007	-281.538	-188.038
0.62	93.2072	-281.244	-188.037
0.63	92.908	-280.944	-188.036
0.64	92.6032	-280.639	-188.036
0.65	92.2929	-280.329	-188.036
0.66	91.977	-280.013	-188.036
0.67	91.6555	-279.692	-188.036
0.68	91.3285	-279.365	-188.036
0.69	90.9959	-279.033	-188.037
0.7	90.6579	-278.695	-188.037
0.71	90.3145	-278.351	-188.037
0.72	89.9656	-278.002	-188.036
0.73	89.6114	-277.647	-188.035
0.74	89.2518	-277.287	-188.035
0.75	88.887	-276.922	-188.035
0.76	88.5171	-276.552	-188.035
0.77	88.1421	-276.176	-188.034
0.78	87.762	-275.796	-188.034
0.79	87.377	-275.41	-188.033
0.8	86.9872	-275.019	-188.032
0.81	86.5927	-274.624	-188.032
0.82	86.1936	-274.226	-188.032
0.83	85.79	-273.823	-188.033
0.84	85.3821	-273.415	-188.033
0.85	84.97	-273.003	-188.033
0.86	84.5539	-272.587	-188.033
0.87	84.1339	-272.167	-188.033
0.88	83.7102	-271.744	-188.033
0.89	83.2829	-271.316	-188.033
0.9	82.8523	-270.885	-188.033
0.91	82.4186	-270.451	-188.032
0.92	81.9819	-270.014	-188.032
0.93	81.5424	-269.574	-188.031
0.94	81.1005	-269.133	-188.032
0.95	80.6563	-268.689	-188.032
0.96	80.2101	-268.242	-188.032
0.97	79.7621	-267.793	-188.031
0.98	79.3125	-267.344	-188.031
0.99	78.8617	-266.893	-188.031
1	78.4099	-266.441	-188.031
1.01	77.9574	-265.99	-188.032
1.02	77.5045	-265.537	-188.033
1.03	77.0514	-265.085	-188.033
1.04	76.5985	-264.631	-188.033
1.05	76.1461	-264.179	-188.033
1.06	75.6943	-263.728	-188.033
1.07	75.2437	-263.277	-188.034
1.08	74.7944	-262.829	-188.035
1.09	74.3468	-262.383	-188.036
1.1	73.9012	-261.937	-188.036
1.11	73.4579	-261.493	-188.035
1.12	73.0171	-261.05	-188.033
1.13	72.5792	-260.612	-188.033
1.14	72.1446	-260.178	-188.033
1.15	71.7134	-259.747	-188.034
1.16	71.286	-259.321	-188.035
1.17	70.8628	-258.899	-188.036
1.18	70.4438	-258.48	-188.037
1.19	70.0296	-258.066	-188.037
1.2	69.6201	-257.657	-188.036
1.21	69.2159	-257.252	-188.036
1.22	68.817	-256.854	-188.037
1.23	68.4238	-256.462	-188.038
1.24	68.0364	-256.074	-188.038
1.25	67.6552	-255.692	-188.037
1.26	67.2801	-255.317	-188.037
1.27	66.9115	-254.948	-188.036
1.28	66.5496	-254.585	-188.036
1.29	66.1945	-254.232	-188.038
1.3	65.8463	-253.884	-188.038
1.31	65.5052	-253.543	-188.038
1.32	65.1714	-253.208	-188.037
1.33	64.8448	-252.88	-188.035
1.34	64.5257	-252.561	-188.036
1.35	64.2141	-252.25	-188.036
1.36	63.9101	-251.946	-188.036
1.37	63.6137	-251.651	-188.037
1.38	63.325	-251.362	-188.037
1.39	63.0441	-251.081	-188.037
1.4	62.7709	-250.809	-188.038
1.41	62.5055	-250.543	-188.037
1.42	62.2478	-250.285	-188.037
1.43	61.9979	-250.035	-188.037
1.44	61.7558	-249.794	-188.038
1.45	61.5214	-249.56	-188.038
1.46	61.2947	-249.332	-188.037
1.47	61.0756	-249.112	-188.036
1.48	60.8642	-248.9	-188.035
1.49	60.6602	-248.696	-188.035
1.5	60.4638	-248.5	-188.036
1.51	60.2748	-248.313	-188.038
1.52	60.0932	-248.131	-188.038
1.53	59.9188	-247.956	-188.037
1.54	59.7517	-247.788	-188.036
1.55	59.5916	-247.628	-188.036
1.56	59.4386	-247.475	-188.036
1.57	59.2926	-247.33	-188.037
1.58	59.1535	-247.19	-188.037
1.59	59.0212	-247.058	-188.037
1.6	58.8956	-246.934	-188.038
1.61	58.7766	-246.817	-188.04
1.62	58.6642	-246.706	-188.042
1.63	58.5582	-246.6	-188.042
1.64	58.4586	-246.497	-188.039
1.65	58.3653	-246.403	-188.038
1.66	58.2782	-246.316	-188.037
1.67	58.1971	-246.235	-188.038
1.68	58.122	-246.16	-188.038
1.69	58.0529	-246.092	-188.039
1.7	57.9897	-246.029	-188.039
1.71	57.9323	-245.97	-188.038
1.72	57.8806	-245.921	-188.041
1.73	57.8345	-245.876	-188.042
1.74	57.7939	-245.836	-188.042
1.75	57.7588	-245.801	-188.042
1.76	57.729	-245.769	-188.04
1.77	57.7045	-245.743	-188.038
1.78	57.6853	-245.724	-188.039
1.79	57.6712	-245.711	-188.04
1.8	57.6621	-245.703	-188.041
1.81	57.658	-245.698	-188.04
1.82	57.6588	-245.699	-188.04
1.83	57.6644	-245.706	-188.042
1.84	57.6748	-245.717	-188.042
1.85	57.6899	-245.731	-188.041
1.86	57.7095	-245.751	-188.042
1.87	57.7337	-245.774	-188.041
1.88	57.7624	-245.803	-188.04
1.89	57.7955	-245.834	-188.039
1.9	57.8329	-245.873	-188.04
1.91	57.8745	-245.915	-188.04
1.92	57.9203	-245.96	-188.04
1.93	57.9703	-246.01	-188.039
1.94	58.0242	-246.063	-188.039
1.95	58.082	-246.121	-188.039
1.96	58.1437	-246.183	-188.039
1.97	58.2091	-246.248	-188.039
1.98	58.2783	-246.316	-188.038
1.99	58.3512	-246.39	-188.039
2	58.4276	-246.467	-188.04
2.01	58.5074	-246.548	-188.041
2.02	58.5907	-246.631	-188.041
2.03	58.6772	-246.718	-188.041
2.04	58.7669	-246.807	-188.04
2.05	58.8599	-246.901	-188.041
2.06	58.9558	-246.998	-188.043
2.07	59.0547	-247.098	-188.044
2.08	59.1564	-247.2	-188.043
2.09	59.2609	-247.304	-188.043
2.1	59.3681	-247.412	-188.044
2.11	59.478	-247.522	-188.044
2.12	59.5903	-247.633	-188.043
2.13	59.7051	-247.748	-188.043
2.14	59.8221	-247.865	-188.043
2.15	59.9415	-247.985	-188.044
2.16	60.063	-248.107	-188.044
2.17	60.1865	-248.231	-188.044
2.18	60.312	-248.357	-188.044
2.19	60.4394	-248.483	-188.044
2.2	60.5685	-248.612	-188.044
2.21	60.6994	-248.743	-188.043
2.22	60.8319	-248.874	-188.042
2.23	60.966	-249.008	-188.042
2.24	61.1015	-249.144	-188.042
2.25	61.2384	-249.28	-188.041
2.26	61.3766	-249.418	-188.041
2.27	61.516	-249.559	-188.043
2.28	61.6565	-249.7	-188.044
2.29	61.798	-249.842	-188.044
2.3	61.9406	-249.983	-188.042
2.31	62.084	-250.126	-188.042
2.32	62.2282	-250.27	-188.042
2.33	62.3732	-250.415	-188.042
2.34	62.5189	-250.56	-188.042
2.35	62.6652	-250.708	-188.043
2.36	62.812	-250.855	-188.043
2.37	62.9593	-251.002	-188.043
2.38	63.107	-251.15	-188.043
2.39	63.255	-251.298	-188.043
2.4	63.4034	-251.446	-188.043
2.41	63.5519	-251.595	-188.043
2.42	63.7006	-251.743	-188.042
2.43	63.8495	-251.89	-188.041
2.44	63.9985	-252.039	-188.041
2.45	64.1475	-252.19	-188.042
2.46	64.2965	-252.339	-188.042
2.47	64.4455	-252.489	-188.044
2.48	64.5945	-252.638	-188.043
2.49	64.7433	-252.787	-188.043
2.5	64.892	-252.937	-188.045
2.51	65.0406	-253.085	-188.044
2.52	65.189	-253.233	-188.044
2.53	65.3372	-253.381	-188.043
2.54	65.4853	-253.528	-188.042
2.55	65.6331	-253.676	-188.043
2.56	65.7807	-253.825	-188.044
2.57	65.9281	-253.972	-188.044
2.58	66.0753	-254.119	-188.044
2.59	66.2222	-254.265	-188.043
2.6	66.369	-254.412	-188.043
2.61	66.5156	-254.559	-188.043
2.62	66.6619	-254.705	-188.043
2.63	66.8081	-254.851	-188.043
2.64	66.954	-254.997	-188.043
2.65	67.0997	-255.143	-188.043
2.66	67.2453	-255.289	-188.044
2.67	67.3907	-255.436	-188.046
2.68	67.536	-255.581	-188.045
2.69	67.6812	-255.725	-188.044
2.7	67.8262	-255.871	-188.044
2.71	67.9713	-256.016	-188.045
2.72	68.1162	-256.16	-188.044
2.73	68.2611	-256.305	-188.044
2.74	68.4061	-256.451	-188.044
2.75	68.551	-256.595	-188.044
2.76	68.696	-256.741	-188.045
2.77	68.8412	-256.885	-188.044
2.78	68.9863	-257.031	-188.044
2.79	69.1316	-257.176	-188.045
2.8	69.2771	-257.321	-188.044
2.81	69.4226	-257.466	-188.043
2.82	69.5685	-257.61	-188.042
2.83	69.7144	-257.754	-188.04
2.84	69.8606	-257.899	-188.039
2.85	70.0069	-258.045	-188.038
2.86	70.1535	-258.192	-188.038
2.87	70.3003	-258.339	-188.039
2.88	70.4473	-258.487	-188.04
2.89	70.5946	-258.635	-188.041
2.9	70.7422	-258.783	-188.041
2.91	70.8901	-258.932	-188.041
2.92	71.0382	-259.08	-188.042
2.93	71.1865	-259.229	-188.042
2.94	71.3351	-259.377	-188.042
2.95	71.4841	-259.526	-188.042
2.96	71.6333	-259.675	-188.042
2.97	71.7827	-259.825	-188.042
2.98	71.9323	-259.975	-188.042
2.99	72.0822	-260.125	-188.042
